      0/39     3.53G       4.8      8.92       6.2      19.9       221       224         0         0         0         0         0         0         0
      1/39     3.53G      3.83      5.02      5.54      14.4       195       224         0         0         0         0         0         0         0
      2/39     3.53G       2.9      4.81      4.84      12.5       225       224         0         0         0         0         0         0         0
      3/39     3.53G         3      4.83      4.09      11.9       235       224         0         0         0         0         0         0         0
      4/39     3.53G      2.66      4.85      3.43      10.9       207       224         0         0         0         0         0         0         0
      5/39     3.53G      2.52      4.64      2.92      10.1       218       224         0         0         0         0         0         0         0
      6/39     3.53G       2.4       4.5      2.55      9.45       218       224         0         0         0         0         0         0         0
      7/39     3.53G       2.3      4.59      2.33      9.21       204       224         0         0         0         0         0         0         0
      8/39     3.53G      2.24      4.46      2.11       8.8       233       224         0         0         0         0         0         0         0
      9/39     3.53G      2.21      4.35      1.94       8.5       223       224         0         0         0         0         0         0         0
     10/39     3.53G      2.17      4.36      1.81      8.35       244       224         0         0         0         0         0         0         0
     11/39     3.53G      2.16      4.29      1.69      8.14       203       224         0         0         0         0         0         0         0
     12/39     3.53G      2.07      4.29      1.56      7.92       196       224         0         0         0         0         0         0         0
     13/39     3.53G      2.09      4.22      1.44      7.75       208       224         0         0         0         0         0         0         0
     14/39     3.53G      2.06      4.22      1.35      7.63       206       224         0         0         0         0         0         0         0
     15/39     3.53G      1.99      4.15      1.24      7.38       206       224         0         0         0         0         0         0         0
     16/39     3.53G         2      4.16      1.19      7.35       214       224         0         0         0         0         0         0         0
     17/39     3.53G      1.95      4.05      1.08      7.09       223       224         0         0         0         0         0         0         0
     18/39     3.53G      1.92         4      1.04      6.96       192       224         0         0         0         0         0         0         0
     19/39     3.53G      1.89      3.95     0.964       6.8       198       224         0         0         0         0         0         0         0
     20/39     3.53G      1.83      3.89     0.909      6.63       188       224         0         0         0         0         0         0         0
     21/39     3.53G      1.82      3.89     0.874      6.58       214       224         0         0         0         0         0         0         0
     22/39     3.53G      1.77      3.86     0.815      6.45       213       224         0         0         0         0         0         0         0
     23/39     3.53G      1.75      3.87     0.769      6.38       217       224         0         0         0         0         0         0         0
     24/39     3.53G      1.69      3.83     0.739      6.25       196       224         0         0         0         0         0         0         0
     25/39     3.53G      1.68      3.75     0.684      6.12       223       224         0         0         0         0         0         0         0
     26/39     3.53G      1.64       3.7     0.686      6.02       203       224         0         0         0         0         0         0         0
     27/39     3.53G      1.61      3.74     0.646         6       239       224         0         0         0         0         0         0         0
     28/39     3.53G      1.57       3.7     0.625      5.89       212       224         0         0         0         0         0         0         0
     29/39     3.53G      1.56      3.68     0.587      5.83       203       224         0         0         0         0         0         0         0
     30/39     3.53G       1.5      3.57      0.54      5.61       199       224         0         0         0         0         0         0         0
     31/39     3.53G      1.47      3.51     0.522      5.51       208       224         0         0         0         0         0         0         0
     32/39     3.53G      1.45      3.48     0.489      5.42       194       224         0         0         0         0         0         0         0
     33/39     3.53G      1.43       3.5      0.49      5.42       237       224         0         0         0         0         0         0         0
     34/39     3.53G      1.41       3.5     0.469      5.38       203       224         0         0         0         0         0         0         0
     35/39     3.53G      1.39      3.43     0.462      5.28       219       224         0         0         0         0         0         0         0
     36/39     3.53G      1.37      3.42     0.458      5.25       212       224         0         0         0         0         0         0         0
     37/39     3.53G      1.35       3.4     0.421      5.17       188       224         0         0         0         0         0         0         0
     38/39     3.53G      1.35      3.43     0.422       5.2       205       224         0         0         0         0         0         0         0
     39/39     3.53G      1.34      3.39     0.415      5.14       208       224     0.833      0.97     0.967     0.891      1.23      3.34     0.248
